-0.891993305595589,NaN
0.593155324735285,NaN
0.430209157257438,NaN
-0.224911756452598,NaN
-0.559003054890317,NaN
-0.663980016794046,NaN
-0.16383494071841,NaN
0.452295911243323,NaN
0.0745256841529746,NaN
-0.973535362153098,NaN
0.313418036472713,NaN
-0.848351354174479,NaN
-0.936331311211144,NaN
0.795483117827905,NaN
-0.608025729473692,NaN
0.468520428272207,NaN
-0.642566508447084,NaN
0.686445488914123,NaN
-0.306698128723864,NaN
-0.526799849945493,NaN
0.44008225455884,NaN
0.577131961275419,NaN
0.526055214240241,NaN
0.72067655190857,NaN
-0.538856410672356,NaN
0.71435275008639,NaN
0.138582604070465,NaN
-0.958499737530248,NaN
-0.765742443858526,NaN
-0.670045745871051,NaN
0.693116875688134,NaN
0.578940195301054,NaN
0.89027242124559,NaN
-0.568966171037856,NaN
-0.30572895533672,NaN
-0.629406207534208,NaN
0.654505180965413,NaN
-0.155550684852316,NaN
0.874995791295076,NaN
-0.8553437138234,NaN
-0.0878764656781575,NaN
0.778193903983661,NaN
0.108689067935892,NaN
0.108453277083325,NaN
-0.996866350526394,NaN
-0.434068840199182,NaN
-0.414697208169241,NaN
0.118237978833838,NaN
0.931283315611669,NaN
0.715914944520181,NaN
-0.292086874270852,NaN
0.770268997536166,NaN
-0.0896859867915911,NaN
0.292601561775711,NaN
0.300612914515945,NaN
-0.564869761730018,NaN
0.356412682848243,NaN
0.533779673992554,NaN
0.12966753781292,NaN
0.627272168932144,NaN
-0.308490858556931,NaN
-0.211602502135375,NaN
-0.818415786986433,NaN
0.575085521943441,NaN
0.0439425287972868,NaN
0.87191120994832,NaN
-0.526249043888528,NaN
0.783191391631584,NaN
0.949216167418853,NaN
-0.799247548356302,NaN
-0.228812123755371,NaN
-0.885789994562878,NaN
0.681710174159012,NaN
0.738529049203977,NaN
0.371364036282228,NaN
-0.402553274949339,NaN
-0.21389855547524,NaN
-0.800620220043054,NaN
0.300605197111426,NaN
0.467955996500308,NaN
0.149484498030266,NaN
0.932459567642053,NaN
0.283394002021939,NaN
0.997329411561289,NaN
0.81157608833703,NaN
0.024415543314263,NaN
0.890759111796859,NaN
-0.140046611959136,NaN
-0.496773267396154,NaN
-0.377438845288678,NaN
0.79593542627801,NaN
0.377997434408403,NaN
0.220776597140719,NaN
0.819926511412452,NaN
-0.945612415180361,NaN
0.27506356931993,NaN
-0.0238661239966127,NaN
-0.234634549931919,NaN
0.199591613001931,NaN
-0.558167136534195,NaN
