Part B
alph_init=      0.02        0.1       0.38 

      9.18       -3.1      -1.05 
      -3.1       1.01     -0.409 
     -1.05     -0.409     -0.105 

      55.4       10.7       1.75 
      10.7       4.95       1.33 
      1.75       1.33      0.669 
alph_opt=      0.02        0.1       0.38 
E=
    -0.209          0          0 
         0      0.275          0 
         0          0        2.1 
C=
    0.0335     -0.114      0.145 
    0.0731     -0.125     -0.869 
     0.924      0.941       1.39 
