0.522615855803069,NaN
0.492155125128177,NaN
0.768915248461494,NaN
0.585530317195472,NaN
0.873243283887041,NaN
-0.0630346117834722,NaN
-0.776519928954784,NaN
-0.0366137563421455,NaN
0.66735452770598,NaN
-0.672430527709625,NaN
0.303049829463963,NaN
-0.593123544283734,NaN
0.17128570106406,NaN
-0.170620740005104,NaN
0.0550009422260341,NaN
0.857114092845988,NaN
0.132655942874335,NaN
-0.298571498272275,NaN
-0.37515123205965,NaN
0.443004196250348,NaN
-0.00483241724075396,NaN
0.323562911396643,NaN
-0.170571786430931,NaN
0.362966918555539,NaN
-0.749495427007552,NaN
-0.143413497201825,NaN
-0.487563223339414,NaN
0.690002162796446,NaN
-0.0476616919262622,NaN
0.812608431471795,NaN
0.722214917988616,NaN
0.850671706185989,NaN
0.602631289792541,NaN
-0.897028760005268,NaN
-0.70299566011084,NaN
0.547088068233378,NaN
-0.814416656184204,NaN
0.876181753294627,NaN
0.959004787243439,NaN
-0.367189001462976,NaN
0.856112525265716,NaN
-0.0446969527028021,NaN
0.852382203029647,NaN
-0.254468513305517,NaN
-0.687323932856007,NaN
-0.000225243624404652,NaN
-0.759899241737974,NaN
0.420776600214083,NaN
-0.911788077052584,NaN
-0.544966265347305,NaN
0.670312159075547,NaN
0.41074109375977,NaN
0.82328709579226,NaN
-0.632148324806312,NaN
0.10053843590456,NaN
-0.281043369919548,NaN
0.587205335771295,NaN
-0.693723279374523,NaN
0.746640984782316,NaN
-0.0250653806259229,NaN
-0.066534361833024,NaN
0.711869900446325,NaN
0.988501577167074,NaN
-0.334947612758236,NaN
0.108662409292842,NaN
0.628801969172807,NaN
0.900559723796584,NaN
0.933632622907698,NaN
0.646142892374724,NaN
-0.861338682408137,NaN
0.77840078704916,NaN
-0.0553973177705879,NaN
0.777479971189741,NaN
-0.833551559054084,NaN
0.199445112235586,NaN
0.466853494973319,NaN
0.42104994711515,NaN
-0.783034549459365,NaN
0.251903184806883,NaN
0.772267029048999,NaN
0.713619029947379,NaN
0.849461804539646,NaN
-0.520610147398249,NaN
0.70157597898579,NaN
-0.275031026580851,NaN
0.0191880394793991,NaN
-0.304707245577456,NaN
-0.413681390887909,NaN
0.685695688559532,NaN
-0.866992347811811,NaN
0.292779614353915,NaN
0.72180315233851,NaN
-0.195833778565672,NaN
0.0918395123872159,NaN
0.734585540711221,NaN
-0.640436255205626,NaN
0.511661317437729,NaN
-0.0901965303766525,NaN
-0.446882494933383,NaN
0.0173016688867014,NaN
