1,0
0.979948313312918,0.123135539145904
0.943411889090488,0.247063031607237
0.890292803106132,0.367473252934516
0.821356183940462,0.480887831812988
0.737914443111958,0.584542619171322
0.641612454834795,0.676259571781958
0.534291790971277,0.75433491359547
0.417908888672671,0.817451148278992
0.294487507464821,0.864611908305768
0.166092096051299,0.89509598128831
0.0348134318912698,0.908426749398606
-0.0972390481602671,0.904353983072593
-0.227942018468141,0.88284568891475
-0.355162949844947,0.844088253082186
-0.476767007799805,0.788493387950972
-0.590628175647444,0.716710404249151
-0.694646399085268,0.629642140018151
-0.786772296158946,0.528462535238967
-0.86504060644121,0.414633406205338
-0.927613006585038,0.289917517565681
-0.972830159247314,0.15638465969873
-0.999271882325075,0.016407219360263
-1.00582316151673,-0.127358202222327
-0.99174247068847,-0.272006106854258
-0.956727658094277,-0.414436395135179
-0.900973697813392,-0.551428243710486
-0.825216113991594,-0.679732295417301
-0.730754060903207,-0.796177760606123
-0.619448013120327,-0.897788902834827
-0.493688794181926,-0.981903597329005
-0.35633710445747,-1.04628553897451
-0.210635507978205,-1.08922149552857
-0.0600976109848968,-1.10959586439457
0.0916185049701254,-1.10693662819386
0.240843997087924,-1.08142936949717
0.384030996088901,-1.03389892668883
0.51787374956125,-0.965761133256602
0.63941198255827,-0.878949502705353
0.746111347238798,-0.775823426861761
0.83591821073187,-0.659065312427433
0.907288395480292,-0.531574095546541
0.9591915662468,-0.396361867804306
0.991094565185401,-0.256459114483705
1.00292803876259,-0.114832532418441
0.995041173777718,0.0256822224005748
0.968149329077693,0.162432027200062
0.923278923605085,0.292982488257277
0.861713247786285,0.415140298786334
0.784942028859416,0.526963892817781
0.694616708296691,0.626764903563484
0.592512560983699,0.713103053708091
0.480498052226214,0.784777026066903
0.360511214384983,0.840813644682809
0.234542333422694,0.880457389941103
0.104621856205369,0.90316191569835
-0.0271878558165075,0.908584856758193
-0.158798510722454,0.896586822798569
-0.288101341257296,0.867235070335798
-0.41297385915449,0.820811920005262
-0.531289773648818,0.757827531485995
-0.640933902024813,0.679036153783303
-0.739823761601588,0.585454433041362
-0.825939256797004,0.47837979635568
-0.897361422698023,0.359406370980037
-0.952320524624464,0.230435401048393
-0.98925292648899,0.0936767708405418
-1.006865047111,-0.0483618627852541
-1.00420148764052,-0.192901576382842
-0.980713155331828,-0.336936871423105
-0.93632010381781,-0.477299896747353
-0.871463069667963,-0.610743868995669
-0.787137523554582,-0.734043325591737
-0.684904639206249,-0.844106684729625
-0.566874982184178,-0.938094607352541
-0.435662860468383,-1.01353619709554
-0.294311934186742,-1.0684344351789
-0.146195501002594,-1.10135261341223
0.0051025564478544,-1.11147491636877
0.155918242844106,-1.09863654662377
0.30264041149105,-1.06332156583073
0.441837308983371,-1.00662953671585
0.570368801148737,-0.930214694867689
0.685478151718396,-0.836203429320004
0.78485946641276,-0.727097108395674
0.866699294154146,-0.605667694888175
0.929693095004872,-0.474853222366811
0.973039114125828,-0.337659214804101
0.996413506949868,-0.197070737389777
0.99993129897077,-0.0559781888335
0.984097967839956,0.0828816176140243
0.94975619488803,0.21696893320333
0.898031766949319,0.343970092555468
0.830281843595164,0.461813873795651
0.74804795443143,0.568677514680445
0.653015247906107,0.662984937750659
0.54697874098172,0.743399752863123
0.431816654266406,0.808815455885268
0.309470372503022,0.858344982324714
0.181930141214334,0.891311448639765
0.0512252819979584,0.907241553158782
-0.0805825371583594,0.905862730400403
-0.211404620976152,0.887104762287156
-0.339130926010278,0.851106142960902
-0.461637943236287,0.798225060727212
-0.57680063694292,0.729054390320164
-0.682510216827267,0.644439575103225
-0.776699326576362,0.545497726707539
-0.857375882204804,0.433635700694524
-0.922666249040515,0.310564365296349
-0.970867680985158,0.178305835702101
-1.00050895807878,0.0391901919539223
-1.01041698684441,-0.104161757527843
-0.999785862808643,-0.248872656733539
-0.968243683109367,-0.391861787500526
-0.915911434487345,-0.52991789022483
-0.84344778601881,-0.659790389545699
-0.752073784622347,-0.77829567475696
-0.643572410388654,-0.8824329744249
-0.520259702670298,-0.969502593501647
-0.384926571302347,-1.0372181772744
-0.240753171113148,-1.0838044816901
-0.0912004546165658,-1.10807297282473
0.0601141815297957,-1.10946937884651
0.209548719728068,-1.08808983294387
0.353566843168129,-1.04466511092018
0.488858270405572,-0.980515274537847
0.612441989757474,-0.897479411836105
0.721747283583073,-0.79782685177996
0.814669747539716,-0.684157091546335
0.889601819694676,-0.559295715284555
0.945439373430268,-0.426192919049196
0.981567512960914,-0.287830075536349
0.997829749559917,-0.147138291899538
0.994485223980715,-0.00693134476658526
0.972158636667467,0.130146105242465
0.931787155907998,0.261655385440104
0.874567917672359,0.385387118073043
0.801908930130074,0.49937298582762
0.715385354384126,0.601888362849229
0.61670232898024,0.691448353068266
0.507664789550787,0.766799718508709
0.390154131209056,0.826910983475758
0.266111074268089,0.87096271556153
0.137523713883974,0.898339649196442
0.00641944446851666,0.908625956462921
-0.125140767866963,0.901604594444328
-0.255067451237811,0.877261268835784
-0.381248827027423,0.835793142446534
-0.501559990088374,0.777621973545596
-0.613876900972625,0.703410883158045
-0.716096906520579,0.614083420027309
-0.806167257284707,0.510843028074674
-0.882122669313138,0.395190454347718
-0.94213234877108,0.268936120290127
-0.984556042537932,0.134204095718346
-1.0080076093059,-0.00657583577246274
-1.01142338227449,-0.150691339217126
-0.994131329905853,-0.295188605307155
-0.955915883950059,-0.436932898893334
-0.89707250226412,-0.572688522640783
-0.818445782783946,-0.699216153170873
-0.721445418518809,-0.813383360884661
-0.608035562414906,-0.912282116859252
-0.480695200538764,-0.993345556317679
-0.342349706374255,-1.05445551213623
-0.196276533666757,-1.09403255223269
-0.0459905970374873,-1.11110148865479
0.104883100281352,-1.1053274306406
0.252740895652182,-1.07702013151036
0.394127131120424,-1.02710724210766
0.525848078417136,-0.957079734863667
0.645066786412517,-0.868914872542385
0.749374650157841,-0.764983452759508
0.836837820021211,-0.647948589088787
0.906018773436628,-0.520663043887732
0.955975228463303,-0.386071253640475
0.986239942445818,-0.247120885602786
0.996785754721992,-0.106687249956069
0.987980521283187,0.0324876391127702
0.960536430233308,0.167840951652163
0.915457691412993,0.297020626771981
0.853989883331637,0.417904256540939
0.777573428946766,0.528607426903018
0.68780285163576,0.627483956715025
0.58639270022705,0.713120534431713
0.475150366586409,0.78432814100767
0.3559554669543,0.840132420519024
0.230745017298399,0.879764861342357
0.101503290574106,0.902656312626299
-0.0297450175819161,0.908434002108951
-0.160939885320271,0.896922848655291
-0.289991038127,0.868151473005584
-0.414784808648772,0.8223628936921
-0.533194628069477,0.760029440651969
-0.643096952255812,0.681870918947217
-0.742394274909308,0.588874510802155
-0.829046581706989,0.482314333133735
-0.90111211431884,0.363768008496833
-0.956797610319183,0.235127123572291
-0.994517255086357,0.0985981293290263
-1.01295845191397,-0.043309813099766
-1.0111512634129,-0.18781320836381
-0.988537133986096,-0.331901198080651
-0.945031454253334,-0.472402205006103
-0.881073888383645,-0.606069575793458
-0.797660360454295,-0.7296834848803
-0.696351333292706,-0.840164233220624
-0.579252550312557,-0.934690197111128
-0.448966641308185,-1.01081238532387
-0.308516664053888,-1.06655712069306
-0.161245401360594,-1.10050892175864
-0.0106966534913845,-1.11186719633638
0.139513502038584,-1.10047267280523
0.285826708369579,-1.06680225326095
0.424865013433897,-1.01193377987694
0.553538788255956,-0.937484684903586
0.669134239098445,-0.845530355402447
0.769377077391419,-0.738509122211447
0.852471194414761,-0.619121049245399
0.917113274498114,-0.49022724004746
0.962485969316024,-0.354755359944848
0.988233432879055,-0.215615700497748
0.994423653531886,-0.0756305967539726
0.981502157412786,0.0625214710190329
0.950241387548155,0.196347063990716
0.901689498988307,0.323565277952311
0.837121571619649,0.44212331201092
0.757995434338164,0.550202343977739
0.665913500317371,0.646216151650084
0.562591289735254,0.728804923164527
0.44983269449476,0.796826553956681
0.329511528793609,0.84934748258749
0.203558504151074,0.885634812774626
0.0739524530781767,0.905151131736917
-0.05728561548208,0.907553079821875
-0.188097228693868,0.892694356296984
-0.31639166357241,0.860633455425548
-0.440053478602454,0.811646004887384
-0.556954201426458,0.746241114328155
-0.664969946848745,0.665180629556814
-0.762006556266623,0.569499633091204
-0.846033507531184,0.46052595721602
-0.915127304610012,0.339895927028829
-0.967524292771514,0.209563099163757
-1.00168185661981,0.0717965015290047
-1.01634578491438,-0.0708350806513207
-1.01062031981065,-0.21549578151899
-0.984036197438529,-0.359134375654313
-0.936611027114802,-0.498555700227969
-0.868895864156176,-0.630510584060283
-0.782002000463508,-0.751800986725789
-0.677602948357202,-0.859394964312409
-0.55790832614521,-0.95054433323255
-0.425608720822151,-1.02289682005188
-0.28379331707758,-1.07459430613702
-0.135844762569944,-1.10434960176383
0.0146820099901266,-1.11149594090583
0.164188793686079,-1.09600583557208
0.309162208519948,-1.0584787127447
0.446292604467593,-1.0000994840249
0.57257678944806,-0.922572513554921
0.685399526501147,-0.828037098514659
0.782590970681224,-0.718971433076065
0.862459443982334,-0.598092095061192
0.923800921798814,-0.468255484025652
0.965888150479825,-0.332366527959216
0.988443343089199,-0.19329856998787
0.991598901010082,-0.0538268469746937
0.987692569889539,-1.45144151605186E-15
