1,1
1.02297274295056,0.977021626234776
1.04389427116859,0.956040669921564
1.06301136136228,0.936790735852061
1.08042470833452,0.919138560328052
1.0961492476651,0.903024378978516
1.11014818526799,0.888428042509917
1.12235292767423,0.875349124348755
1.13267512632679,0.863794974786402
1.14101419475005,0.85377342910841
1.1472621955858,0.845288300648481
1.15130720175988,0.838336568548052
1.15303578686607,0.832906614505319
1.15233503688426,0.828977123999905
1.14909431753646,0.826516423850291
1.14320693489733,0.825482122540956
1.13457176640402,0.82582097714331
1.12309490066442,0.827468945311205
1.10869129887976,0.83035140141322
1.09128647319926,0.834383507602999
1.07081816492548,0.839470736710031
1.04723799648361,0.845509546207226
1.0205130645349,0.852388202391881
0.990627437112307,0.859987752083146
0.957583515023491,0.868183136126435
0.921403216992922,0.876844435207505
0.882128949145507,0.885838234257111
0.839824322505134,0.89502908738656
0.794574587165835,0.904281061139484
0.746486758567978,0.913459330170089
0.695689419633682,0.922431796537138
0.642332192014169,0.931070701873397
0.586584879886864,0.939254200932647
0.528636300027035,0.946867865534689
0.468692821628622,0.953806089733954
0.406976647923739,0.95997337003839
0.343723878477517,0.965285438509885
0.279182395674483,0.969670231304321
0.213609621117372,0.973068680313816
0.147270187417977,0.975435320683577
0.0804335684118546,0.976738711734792
0.0133717066447163,0.976961672937487
-0.0536433282989765,0.976101339846497
-0.120341622699191,0.974169047266407
-0.186457620219239,0.971190048403171
-0.251732223828968,0.96720307955872
-0.315914783063522,0.962259780274752
-0.378764953331855,0.956423979006235
-0.440054414568773,0.949770854655428
-0.499568436262227,0.942385984810394
-0.557107275269295,0.934364292402828
-0.612487392373721,0.925808903722731
-0.665542473688553,0.916829932206022
-0.716124244095247,0.90754320398352
-0.764103062096426,0.898068942650354
-0.809368288733473,0.888530431887384
-0.851828427421787,0.879052675272767
-0.891411036413386,0.869761072742843
-0.928062420770634,0.860780132636945
-0.961747115870006,0.852232237091635
-0.992447179217105,0.844236476792241
-1.02016131146279,0.836907568843425
-1.04490383075744,0.830354868915597
-1.06670352683857,0.824681486005149
-1.08560242246965,0.819983505260038
-1.10165447005895,0.816349321504369
-1.11492421057065,0.813859083464115
-1.12548542032237,0.812584246344476
-1.13341976909833,0.812587228404732
-1.13881551036224,0.813921165559044
-1.14176622139532,0.81662975681701
-1.14236960806897,0.820747192559818
-1.14072638582749,0.826298157202982
-1.13693924541992,0.833297897688174
-1.13111190907396,0.84175234942889
-1.12334828021666,0.85165831175703
-1.11375168756063,0.863003665527575
-1.10242422241474,0.875767626284937
-1.08946616645116,0.889921027228926
-1.07497550585928,0.905426627096362
-1.05904752682137,0.922239438957224
-1.04177448653177,0.940307076778328
-1.02324535351745,0.959570117404914
-1.00354561077219,0.979962476328681
-0.982757115155111,1.00141179623219
-0.960958006594256,1.02383984781145
-0.938222660847574,1.04716294277254
-0.914621679879107,1.07129235916984
-0.890221914282521,1.09613477940272
-0.86508651260656,1.1215927412169
-0.839274992888965,1.14756510197321
-0.812843332171794,1.17394751625998
-0.785844070239508,1.20063292664848
-0.758326424281537,1.22751206703983
-0.730336411625424,1.25447397764538
-0.701916978108919,1.28140653020057
-0.673108130055016,1.3081969615571
-0.643947068179468,1.33473241335245
-0.61446832209363,1.36090047504125
-0.584703884365204,1.38658972721098
-0.554683343364993,1.41169028181355
-0.524434014359389,1.43609431573967
-0.4939810685067,1.45969659405554
-0.463347659581909,1.48239497921841
-0.432555048390972,1.50409092268832
-0.40162272494444,1.52468993555631
-0.37056852854377,1.54410203510224
-0.339408765994989,1.5622421645669
-0.308158328206444,1.57903058385496
-0.276830805453446,1.59439322935684
-0.245438601605618,1.60826204156908
-0.213993047615775,1.62057525968142
-0.182504514564788,1.63127768276419
-0.150982526547579,1.64032089761446
-0.119435873673104,1.64766347368634
-0.0878727254375366,1.65327112582963
-0.0563007447160694,1.65711684578244
-0.0247272026055269,1.65918100350391
0.00684090566221455,1.65945141949313
0.0383967435270863,1.65792340922241
0.0699335144292405,1.65459980072568
0.101444341469907,1.64949092623475
0.132922145225145,1.64261458856007
0.164359519543019,1.63399600268249
0.195748605165881,1.62366771277241
0.227080961032235,1.61166948459975
0.258347433127559,1.59804817305528
0.289538020770856,1.58285756428876
0.320641740244033,1.56615819179302
0.351646485694612,1.54801712564022
0.382538887269242,1.52850773401514
0.413304166466199,1.50770941619961
0.44392598873013,1.48570730624563
0.474386313352401,1.46259194673452
0.504665240786462,1.43845893225251
0.534740857541151,1.41340852251442
0.564589078877592,1.38754522542565
0.594183489609635,1.36097735077657
0.623495183396681,1.3338165356956
0.652492601024477,1.30617724342893
0.681141368298289,1.27817623744723
0.709404134327854,1.2499320332804
0.737240411169556,1.22156433083313
0.764606416012828,1.19319343021731
0.791454917359565,1.16493963434004
0.81773508695107,1.13692264159729
0.843392359550199,1.10926093204017
0.868368303088458,1.08207115030477
0.892600502139412,1.05546748843636
0.916022458178787,1.02956107150832
0.938563510633766,1.00445934865561
0.96014878330167,0.980265491836899
0.980699161320508,0.957077804335479
1.0001313044857,0.934989140737627
1.01835770330922,0.914086339918329
1.03528678478518,0.894449672446897
1.05082307532981,0.876152303825854
1.06486742876962,0.859259775117257
1.07731732751836,0.843829502807699
1.0880672651672,0.829910300225613
1.09700921856342,0.817541923453208
1.10403321701917,0.806754645461728
1.10902801552007,0.797568863124257
1.11188187764164,0.789994742795187
1.11248347228364,0.784031911248898
1.11072288625831,0.77966919988962
1.10649275219596,0.776884451216352
1.09968948815314,0.77564439747744
1.09021464174515,0.775904622197228
1.07797632762548,0.777609615714526
1.06289074278606,0.780692935950887
1.04488373957843,0.785077485240051
1.02389243172429,0.790675913122869
0.999866804099822,0.797391153485169
0.972771292984704,0.805117102254622
0.94258630003127,0.81373943907365
0.909309600712988,0.823136592964656
0.872957606730209,0.833180848081162
0.833566442032595,0.843739581320359
0.791192793957791,0.854676619031507
0.745914504602352,0.865853695503696
0.697830872949811,0.877131991599507
0.647062645376836,0.888373728078029
0.59375168070414,0.899443785078144
0.538060285583381,0.910211317142629
0.480170226224071,0.920551332238129
0.420281432681778,0.930346203577285
0.358610421518167,0.939487084699753
0.295388470977022,0.947875201140683
0.23085958934205,0.955422995928849
0.165278321431173,0.962055110841142
0.0989074400128015,0.967709190456902
0.0320155683127154,0.972336501232296
-0.0351252230252654,0.975902362688556
-0.102241805669768,0.978386392069472
-0.169062336725646,0.979782567257789
-0.235318527828424,0.98009911525292
-0.300747818278807,0.979358235139106
-0.365095434829632,0.977595665365378
-0.428116323983781,0.974860105551693
-0.489576944523401,0.971212503201566
-0.549256908635705,0.966725215898954
-0.606950459799998,0.961481059996123
-0.662467775047015,0.95557225757143
-0.715636078812335,0.949099294562491
-0.76630055583368,0.942169704379762
-0.814325051708662,0.934896792826412
-0.859592551988334,0.927398321601775
-0.902005434013583,0.919795168851403
-0.941485489935959,0.912209985974286
-0.977973724221043,0.904765870080475
-1.01142993406699,0.897585071041415
-1.04183208622431,0.890787750982914
-1.06917550834192,0.884490812385212
-1.09347191691212,0.878806808769853
-1.11474830694162,0.873842949394482
-1.13304573051896,0.869700206587171
-1.1484179924423,0.866472531477107
-1.16093029105071,0.864246181056038
-1.17065783145945,0.86309915685447
-1.17768443666934,0.86310075313488
-1.18210117966469,0.864311210461243
-1.18400505680371,0.866781468843348
-1.18349771971086,0.87055301339417
-1.18068427965911,0.875657804575181
-1.17567219522128,0.882118284616354
-1.16857025088722,0.889947451549314
-1.15948763147906,0.899148992438852
-1.14853309461242,0.909717467789664
-1.13581424119086,0.921638539689266
-1.12143688200167,0.934889236973096
-1.10550449690794,0.94943825151473
-1.08811778189296,0.96524626060847
-1.06937427828624,0.982266271283425
-1.04936807785818,1.00044398323371
-1.0281895970793,1.01971816784004
-1.00592541366418,1.04002106147056
-0.982658158526566,1.06127877186611
-0.958466456425232,1.08341169692323
-0.933424908850103,1.10633495558001
-0.907604113056098,1.12995883077986
-0.881070711573435,1.15418922463709
-0.853887466986506,1.17892812595834
-0.826113357260558,1.20407409019292
-0.797803687391585,1.2295227317031
-0.769010213647776,1.25516722797514
-0.739781277150998,1.28089883505005
-0.710161944006626,1.30660741305848
-0.680194149623879,1.33218196031682
-0.649916845272473,1.35751115400363
-0.619366145292129,1.38248389500976
-0.588575473707242,1.40698985416329
-0.557575709299043,1.43092001669239
-0.526395328451701,1.45416722152411
-0.495060545317346,1.47662669183832
-0.463595449039311,1.49819655321574
-0.432022137934336,1.51877833574098
-0.400360850665338,1.53827745654764
-0.36863009453899,1.55660367951702
-0.336846771139668,1.57367154915553
-0.305026299566309,1.58940079606352
-0.273182737574589,1.6037167118536
-0.241328900946844,1.61655049185759
-0.209476481419408,1.62783954445822
-0.177636163494643,1.63752776637246
-0.145817740455446,1.64556578367708
-0.11403022988603,1.65191115878721
-0.0822819889861397,1.65652856395823
-0.0505808299481977,1.65938992217065
-0.0189341356494314,1.66047451646804
0.0126510241056374,1.65976906894676
0.044167775572287,1.65726779064426
0.0756093230763202,1.65297240354314
0.10696882985545,1.64689213581019
0.138239297550756,1.63904369123263
0.169413444179816,1.62945119361041
0.200483580435842,1.61814610662818
0.231441484170946,1.60516712947831
0.26227827293711,1.59056006825235
0.292984274476058,1.57437768287854
0.323548895069445,1.55667950917125
0.353960485684021,1.53753165538898
0.384206205872843,1.5170065725817
0.414271885423813,1.49518279795577
0.444141883780846,1.47214467050332
0.47379894730165,1.44798201823503
0.503224064459895,1.42278981652343
0.532396319149593,1.39666781730401
0.561292742307186,1.36972014918704
0.589888162133855,1.34205488889478
0.618155053279373,1.31378360484138
0.646063385442142,1.28502087410171
0.673580471951321,1.25588377444961
0.700670819029872,1.2264913535674
0.727295976596195,1.19696407791489
0.753414391651048,1.16742326407989
0.778981265520069,1.13799049569469
0.803948416484543,1.10878702918185
0.828264149637568,1.07993319167867
0.851873136152098,1.0515477744789
0.874716304542861,1.02374742522686
0.896730746945347,0.996646041910083
0.917849643919502,0.970354171438818
0.93800221180828,0.944978415293233
0.95711367723359,0.920620844388095
0.975105283882795,0.897378424977488
0.991894337312112,0.875342457129694
1.0073942940491,0.854598027074903
1.02151490179015,0.83522347459533
1.0341623979311,0.817289876614964
1.0452397740048,0.800860548276796
1.0546471137895,0.78599056308502
1.06228201285188,0.77272629414783
1.06804008705096,0.761104979184032
1.07181557700335,0.751154312745595
1.0735020546464,0.742892070040306
1.07299323678476,0.736325767784794
1.07018390882413,0.731452368638247
1.06497095975112,0.728258036909382
1.05725452678923,0.726717954331177
1.04693924504895,0.726796205686627
1.03393559391969,0.728445744863183
1.01816132797815,0.731608452426587
0.999542975902583,0.736215295947478
0.978017386414351,0.742186604000092
0.953533295786737,0.749432463904286
0.926052887173163,0.757853251838237
0.895553308153761,0.767340301871098
0.862028109744971,0.777776717745379
0.825488567935722,0.789038327908272
0.785964847871817,0.800994780423815
0.743506971343128,0.813510770114178
0.698185550417107,0.826447385745566
0.650092254008505,0.839663560500687
0.599339979877997,0.853017604606647
0.546062711889989,0.866368795073759
0.490415051079986,0.879578994306314
0.432571418802132,0.892514267107931
0.372724940449682,0.905046464513256
0.311086028380095,0.917054743058204
0.247880692102453,0.928426989588893
0.183348611880873,0.939061124442121
0.117741018130666,0.948866259641935
0.0513184229322416,0.957763693388559
-0.0156517485442785,0.965687727235757
-0.0828975798925908,0.972586297589485
-0.150145094944847,0.978421418145249
-0.217120660036334,0.983169434292023
-0.283553324063333,0.986821094113088
-0.349177069443518,0.989381443293163
-0.413732952765178,0.990869553010687
-0.476971118597217,0.991318090888566
-0.538652673285529,0.990772745520609
-0.598551407504898,0.989291515254389
-0.656455357045786,0.986943872058949
-0.712168191173066,0.983809811651147
-0.765510417398128,0.979978801725685
-0.816320391178265,0.975548641160476
-0.864455119350935,0.97062424438486
-0.909790847343665,0.965316366563024
-0.952223422519585,0.959740286673865
-0.991668429396739,0.954014466765548
-1.02806109673727,0.948259206451649
-1.0613559813515,0.942595311961867
-1.09152643855202,0.937142798686253
-1.11856389416216,0.932019645140614
-1.14247693749824,0.927340614672245
-1.16329025853249,0.923216159106544
-1.18104345530811,0.919751416027308
-1.19578973950869,0.91704530862681
-1.20759456885307,0.915189754201403
-1.21653423473808,0.914268984542881
-1.22269443238615,0.914358978807117
-1.22616883881696,0.915527007029182
-1.22705772141906,0.917831280371515
-1.22546659692521,0.921320702485674
-1.22150495736795,0.926034715059944
-1.21528507626825,0.932003229713734
-1.20692090502887,0.93924663786556
-1.19652706637886,0.947775890010685
-1.18421794883414,0.957592635953392
-1.17010690356198,0.9686894178976
-1.15430554280289,0.981049908855894
-1.1369231371276,0.994649189539232
-1.11806610728854,1.00945405768812
-1.09783760525082,1.02542336465585
-1.07633717813039,1.04250837491504
-1.05366050819801,1.06065314499566
-1.02989922178833,1.07979491914684
-1.00514075985015,1.09986453972266
-0.97946830294706,1.12078687090588
-0.952960743735073,1.14248123488941
-0.92569270027194,1.16486186002577
-0.897734563923287,1.18783834072459
-0.869152576098955,1.21131610902765
-0.840008928556791,1.23519691782404
-0.810361882533261,1.25937933559042
-0.780265902485678,1.28375925236571
-0.74977180074783,1.30823039640701
-0.718926889900268,1.33268486064273
-0.687775140131184,1.35701363765683
-0.656357339308659,1.38110716152677
-0.62471125389635,1.40485585441786
-0.592871789219893,1.4281506754316
-0.560871147929133,1.45088366883565
-0.528738985801187,1.47294850849004
-0.496502564291449,1.49424103504374
-0.464186899464966,1.51465978232372
-0.431814907130306,1.53410648928356
-0.399407544154275,1.55248659392617
-0.366983946060738,1.56970970576481
-0.334561561113221,1.58569005363241
-0.302156281151803,1.60034690598169
-0.269782569503334,1.61360496122205
-0.237453586313563,1.62539470609632
-0.205181311663589,1.63565274059034
-0.17297666683447,1.64432206837029
-0.140849634075922,1.651352352234
-0.108809375220385,1.65670013452479
-0.0768643494650196,1.66032902287059
-0.0450224306231273,1.66220984196354
-0.0132910241248485,1.66232075237427
0.0183228159742107,1.66064733759488
0.0498122697378308,1.65718266062125
0.0811706336274306,1.65192729142127
0.112391202110689,1.64488930659483
0.143467148413358,1.63608426242303
0.174391404242081,1.62553514233791
0.20515653832092,1.61327227963399
0.235754633599546,1.59933325600268
0.266177163007401,1.58376277621578
0.296414863646209,1.56661251903027
0.3264576093334,1.5479409641486
0.356294281431958,1.52781319486152
0.385912637928168,1.5063006758364
0.415299180748088,1.48348100540598
0.444439021336723,1.45943764166775
0.473315744561099,1.43425960173092
0.501911271040412,1.40804113354872
0.530205718053655,1.3808813599489
0.558177259228921,1.35288389472129
0.585801983279957,1.32415643093121
0.613053752126541,1.29481030199036
0.639904058818095,1.26496001641841
0.666321885777185,1.2347227676526
0.69227356399475,1.20421792068904
0.717722633945363,1.17356647774939
0.742629709152712,1.1428905255383
0.766952343526805,1.11231266697255
0.79064490381923,1.0819554405048
0.813658448804782,1.05194073032035
0.835940617100061,1.02238917074612
0.857435525874362,0.993419548174253
0.878083683095966,0.965148203671442
0.897821916386943,0.937688439229575
0.916583322028587,0.911149930328066
0.934297238161705,0.885638147145461
0.950889246752585,0.861253786402287
0.966281209434066,0.838092215467667
0.9803913428657,0.816242930049541
0.99313433976706,0.795789026542996
1.00442154223891,0.776806689962772
1.01416117436852,0.759364698360977
1.02225864138355,0.743523944751437
1.02861690273429,0.729336977844424
1.03313692640419,0.716847563349097
1.03571823142644,0.706090268227078
1.03625952497218,0.697090071071515
1.03465943942576,0.689862002723843
1.03081737352827,0.684410822297174
1.02463443991397,0.680730734911043
1.0160145191548,0.678805158606849
1.00486541775231,0.678606549044697
0.991100124378272,0.680096291608867
0.974638155096032,0.683224671390243
0.955406974354512,0.68793093208322
0.933343474330994,0.694143435042694
0.908395490840602,0.701779929506892
0.880523329700917,0.710747944224895
0.849701273347715,0.720945309369728
0.815919033881488,0.732260815626928
0.779183115844338,0.7445750147126
0.73951805015084,0.757761162319531
0.696967459981087,0.77168630068296
0.651594920312876,0.786212473713576
0.603484575290363,0.801198063125515
0.552741481884013,0.816499229395012
0.499491654274733,0.831971436959013
0.443881790956423,0.847471039060795
0.386078675429883,0.86285689433266
0.326268251164284,0.877991984816578
0.264654381725481,0.892745003862391
0.20145731702651,0.906991882345492
0.136911895919136,0.920617222962155
0.0712655232079717,0.933515614943422
0.00477596510162792,0.945592805226942
-0.0622909892666216,0.956766706693736
-0.129663951499629,0.966968229189768
-0.19706839536515,0.976141924341325
-0.264229112073079,0.98424644026408
-0.330872620619224,0.991254786824012
-0.396729500522259,0.997154415881928
-0.461536620618542,1.00194712380438
-0.525039243444475,1.00564878544444
-0.586992989569236,1.00828892990156
-0.647165649706596,1.00991016887325
-0.705338834462349,1.01056748857943
-0.761309452350039,1.01032741634232
-0.814891006619824,1.00926707316787
-0.865914701001099,1.00747312424342
-0.914230344183534,1.00504064018922
-0.959707043208833,1.00207188312891
-1.00223367723197,0.998675033048039
-1.04171914547807,0.994962871311997
-1.07809238663428,0.991051439420782
-1.11130217118854,0.987058691907098
-1.14131667306159,0.983103162595259
-1.16812283192052,0.979302663144161
-1.1917255224454,0.975773031871594
-1.21214655121224,0.972626949330493
-1.22942350548498,0.969972835060252
-1.24360848088721,0.96791383748393
-1.25476671654669,0.966546926202257
-1.26297516685437,0.965962093092394
-1.26832103850717,0.966241665792661
-1.2709003201207,0.96745973446828
-1.2708163295564,0.969681690310003
-1.26817830138045,0.972963872094161
-1.26310003374182,0.977353315379534
-1.25569861059955,0.982887597557907
-1.24609321180628,0.989594771013253
-1.23440402020411,0.99749337606163
-1.22075123172269,1.00659252510811
-1.20525417157354,1.01689204952555
-1.18803051706596,1.0283827010836
-1.16919562536416,1.04104640028327
-1.14886196267362,1.0548565246299
-1.12713862988349,1.06977823065671
-1.10413097858214,1.08576880434538
-1.07994031057739,1.10277803543942
-1.0546636535564,1.12074861197439
-1.02839360527544,1.1396165321268
-1.00121823863747,1.15931153118766
-0.973221060157643,1.17975752207726
-0.944481014597716,1.20087304832285
-0.915072528937032,1.22257174881082
-0.885065589310825,1.2447628338959
-0.854525845061364,1.26735157260232
-0.823514734591813,1.29023979068768
-0.792089628269323,1.31332637926934
-0.760303984178185,1.33650781354407
-0.728207513064537,1.35967868087886
-0.695846349332264,1.38273221723202
-0.663263225438876,1.40556085049538
-0.630497647495439,1.42805674895404
-0.597586070292967,1.45011237265886
-0.564562070356948,1.47162102512323
-0.531456515971117,1.49247740240839
-0.498297733410777,1.51257813637293
-0.465111668885887,1.53182232864705
-0.431922045915605,1.55011207176576
-0.398750518040948,1.56735295386514
-0.365616816932856,1.5834545434182
-0.332538896071679,1.59833085065851
-0.299533070264097,1.61190076260688
-0.266614151327645,1.62408844896605
-0.233795580315014,1.63482373656678
-0.201089556673281,1.644042450517
-0.168507164740886,1.65168672070332
-0.13605849798065,1.65770525279963
-0.103752781333581,1.66205356342991
-0.0715984920584896,1.66469417959141
-0.039603479398767,1.66559680285322
-0.00777508339232056,1.66473843918922
0.0238797468851148,1.66210349557398
0.055354335377987,1.65768384465831
0.0866421611683989,1.65147885894631
0.117736740432928,1.64349541591957
0.148631508038632,1.63374787550254
0.17931969859674,1.62225803114398
0.209794226810169,1.60905503561497
0.240047566968465,1.59417530240693
0.270071631461516,1.57766238336819
0.299857648202218,1.55956682296011
0.329396036868811,1.53994598926007
0.358676283900311,1.51886388160175
0.387686816203953,1.49639091454051
0.41641487356212,1.47260367767272
0.444846379758328,1.44758467073651
0.472965812477761,1.42142201338434
0.500756072078033,1.39420912905206
0.528198349370849,1.36604440245728
0.555271992605733,1.33703081044133
0.581954373904042,1.30727552612032
0.608220755456352,1.27688949662342
0.63404415587086,1.24598699506001
0.659395217146731,1.21468514775686
0.684242072847182,1.18310343822498
0.708550218165461,1.15136318973389
0.732282382716321,1.11958702876915
0.755398407049855,1.08789833200562
0.777855124077387,1.05642065972667
0.799606246824303,1.02527717884094
0.820602264185579,0.994590078780884
0.840790346658947,0.964479983603725
0.860114264369779,0.935065363552808
0.878514320081093,0.906461949180159
0.895927300300037,0.878782150888804
0.912286448044993,0.852134486442874
0.92752146131869,0.826623018635829
0.94155852183305,0.802346804928291
0.954320359038001,0.779399360496159
0.965726355002619,0.757868135797476
0.975692696161881,0.737834009504076
0.984132578350984,0.719370797480711
0.990956471871843,0.702544778456848
0.996072453538986,0.687414237146734
0.999386612696233,0.674029025848144
1.00080353803905,0.662430145998973
1.00022689167573,0.652649351795052
0.997560076167142,0.64470877876481
0.992706999254182,0.638620601139516
0.985572939572376,0.634386722924157
0.976065514827861,0.631998508725028
0.964095751643864,0.631436561576066
0.949579253571155,0.632670556166254
0.932437460600032,0.635659136934268
0.912598989950381,0.640349891384182
0.89000104401548,0.646679409601657
0.86459086719394,0.654573441224432
0.836327229098566,0.663947160956557
0.805181907454489,0.674705553032292
0.771141140099856,0.686743923766329
0.73420701211797,0.69994854942661
0.694398741516069,0.714197464118139
0.651753825284022,0.729361389190588
0.606329007363283,0.745304801941153
0.558201031244865,0.761887137185092
0.507467142748622,0.778964110764648
0.454245313086032,0.796389149461016
0.398674158543115,0.814014907297804
0.3409125408878,0.831694844135362
0.281138841628475,0.849284839015907
0.219549913125056,0.866644808177197
0.156359719770478,0.883640296216387
0.0917976924311217,0.900144008702728
0.0261068284375659,0.916037255673202
-0.040458422947237,0.93121127786699
-0.107634444002877,0.945568431127943
-0.17515085209021,0.95902320889562
-0.242732973596736,0.971503087800509
-0.310104340309103,0.982949186711521
-0.376989164057188,0.993316734775339
-0.443114750917006,1.00257534869132
-0.508213822640058,1.01070912341223
-0.572026719547243,1.01771654348996
-0.63430346518252,1.02361022436533
-0.694805678006813,1.02841649412807
-0.753308318995871,1.03217482684579
-0.809601266121353,1.03493713874119
-0.863490707536126,1.03676695855874
-0.91480034524877,1.03773848364496
-0.96337240067163,1.03793553373149
-1.00906841319277,1.03745041522623
-1.05176982331101,1.03638270995187
-1.09137833320023,1.03483800360913
-1.12781603997181,1.03292657061324
-1.16102534034157,1.03076203316424
-1.19096860968546,1.02846001328013
-1.21762766328276,1.02613679689842
-1.2410030125357,1.0239080289402
-1.26111293375111,1.02188745739402
-1.2779923713396,1.02018574303685
-1.29169170076242,1.01890934943824
-1.30227537905157,1.01815952550195
-1.30982051214794,1.01803139012027
-1.31441536863558,1.01861312569406
-1.31615786875918,1.0199852844461
-1.31515407601589,1.02222020875231
-1.31151671627104,1.02538156424193
-1.30536374644063,1.02952398225254
-1.2968169914985,1.0346928064239
-1.28600086508204,1.04092393680375
-1.27304118544997,1.04824376382345
-1.25806409512738,1.05666918386717
-1.24119508936798,1.06620768787471
-1.22255815565454,1.07685751444372
-1.20227502390021,1.08860785918303
-1.18046452483735,1.1014391325644
-1.15724205229435,1.11532325917131
-1.13271912365785,1.1302240120023
-1.10700303177392,1.14609737630436
-1.08019658082847,1.16289193824945
-1.05239789832435,1.18054929458656
-1.02370031510231,1.19900448017418
-0.994192305392851,1.21818641099797
-0.963957479097032,1.23801834088775
-0.933074618839099,1.25841833065234
-0.901617754779073,1.27929972874211
-0.869656270689181,1.30057166282247
-0.837255035359066,1.32213954179723
-0.804474553979358,1.34390556786267
-0.771371134744062,1.36576925810836
-0.737997066494959,1.38762797502096
-0.704400803795118,1.40937746500515
-0.670627156355016,1.43091240372983
-0.636717480237806,1.452126946755
-0.602709868735545,1.47291528351747
-0.568639341233065,1.49317219237238
-0.534538028759029,1.51279359402504
-0.50043535526422,1.53167710036363
-0.466358213965331,1.54972255543927
-0.432331138349664,1.56683256514964
-0.39837646765362,1.58291301208128
-0.364514506807672,1.5978735519605
-0.330763680985302,1.61162808825851
-0.297140685005765,1.62409522169016
-0.263660627923825,1.63519867163222
-0.230337173197059,1.64486766685362
-0.197182674856489,1.65303730338234
-0.164208310122811,1.65964886781191
-0.131424208911743,1.66465012485509
-0.0988395806615129,1.66799556846071
-0.066462838896337,1.66964663630204
-0.0343017239147266,1.66957188790062
-0.0023634239630051,1.66774714705207
0.0293453047754444,1.66415560955655
0.0608180190745171,1.65878791751534
0.0920484701712448,1.65164220163236
0.123030485638047,1.64272409305252
0.153757851401055,1.63204670628113
0.184224193707204,1.61963059466539
0.214422860864052,1.6055036797902
0.244346804596688,1.58970115595737
0.273988460885915,1.57226537069355
0.303339630172156,1.55324568198268
0.332391356830737,1.53269829265898
0.361133807847086,1.51068606214193
0.38955615064549,1.48727829546028
0.417646430052951,1.46255050931232
0.445391444410703,1.43658417475649
0.472776620880556,1.40946643603053
0.499785890031793,1.38128980496755
0.526401559837197,1.35215183051853
0.55260418925461,1.3221547430052
0.578372461623839,1.2914050729146
0.603683058168752,1.26001324430171
0.628510531962409,1.22809314318122
0.652827182790686,1.19576166165306
0.676602933439314,1.16313821890239
0.699805208033011,1.13034426062758
0.722398813176519,1.09750273885883
0.744345822789153,1.06473757451558
0.765605467690345,1.03217310539305
0.786134031187365,0.999933522547653
0.805884752141199,0.968142298252266
0.824807737245485,0.936921608802772
0.842849884548659,0.906391755469765
0.859954820582314,0.876670586801943
0.876062853828768,0.847872925305103
0.891110947666057,0.820110001253356
0.90503271636462,0.793488896053872
0.9177584481698,0.768111997205187
0.929215159978232,0.744076466488055
0.939326688590607,0.721473722636374
0.948013823981462,0.700388939385026
0.955194490447225,0.680900559512343
0.960783981851717,0.663079825317289
0.964695257454,0.646990325921649
0.966839304943109,0.632687561888045
0.967125577280138,0.620218527911762
0.965462509719377,0.609621314787985
0.961758122903271,0.600924732477818
0.955920717156849,0.594147956889427
0.947859662002818,0.589300203938187
0.937486283439457,0.58638043552481
0.924714849637681,0.585377103235672
0.909463653399951,0.586267936776109
0.891656186976247,0.589019785335787
0.871222401665799,0.593588521185859
0.848100041087287,0.599919015741551
0.822236033144295,0.60794519900588
0.793587921650139,0.617590213651491
0.762125314445489,0.62876667490995
0.727831320818678,0.641377046839586
0.690703947329891,0.655314144365017
0.650757417982197,0.670461768675276
0.608023382325988,0.686695481111713
0.562551973783532,0.703883517586103
0.514412680475102,0.721887841899011
0.463694992319138,0.740565332180134
0.410508791307134,0.759769090194273
0.354984456676839,0.779349858641596
0.297272663179831,0.799157527059081
0.237543858596144,0.819042702756584
0.175987415800383,0.838858319660005
0.112810464619222,0.85846125523735
0.0482364189237368,0.877713924068336
-0.0174967757160383,0.896485816243497
-0.0841386395414244,0.914654949724077
-0.151428359590862,0.932109208043832
-0.219097147088595,0.948747538169452
-0.286870701169156,0.964480987738747
-0.354471728417256,0.97923356596079
-0.421622469709852,0.992942917828096
-0.488047189990567,1.00556080657587
-0.553474592348136,1.01705340417033
-0.61764012441953,1.02740139372874
-0.680288151942689,1.03659989098564
-0.741173980536321,1.04465819416748
-0.800065711927749,1.05159937299619
-0.856745924555096,1.05745970819447
-0.911013170677171,1.06228799306747
-0.962683283032364,1.06614470876435
-1.01159048409989,1.06910108492785
-1.05758829065312,1.07123805780269
-1.10055020609166,1.0726451385786
-1.14037019345687,1.07341920578005
-1.17696292338934,1.07366323678131
-1.21026379371226,1.07348499486033
-1.2402287207753,1.07299568941947
-1.26683370696854,1.07230862790696
-1.29007419360461,1.07153787841587
-1.30996421330361,1.07079696181034
-1.32653536072511,1.07019759148534
-1.33983560464236,1.06984847751775
-1.34992796767791,1.06985421007686
-1.35688910233736,1.070314234636
-1.36080779320055,1.0713219288938
-1.36178341525262,1.07296378851564
-1.35992437743398,1.07531872598406
-1.35534657868396,1.07845748412927
-1.34817190121665,1.08244216340647
-1.33852676268452,1.0873258597797
-1.32654074544902,1.09315240821948
-1.31234531756909,1.09995622535627
-1.29607265650327,1.10776224376067
-1.27785458303689,1.11658592963308
-1.25782160970349,1.12643337535144
-1.23610210504828,1.13730145830537
-1.21282157253524,1.14917805769192
-1.18810204075344,1.16204232140921
-1.16206155983909,1.17586497580871
-1.13481379768477,1.19060867180319
-1.10646772853128,1.20622836162885
-1.07712740589576,1.22267170138512
-1.04689181144254,1.23987947528629
-1.01585477130686,1.25778603832592
-0.984104931494705,1.27631977475191
-0.951725784261549,1.29540357035839
-0.918795737782083,1.31495529710571
-0.885388221926794,1.33488830897359
-0.851571823529501,1.35511194822929
-0.817410445137274,1.37553206145387
-0.78296348185881,1.39605152471787
-0.748286011552023,1.41657077724161
-0.713428994202581,1.43698836272533
-0.678439476931636,1.45720147730469
-0.643360801625359,1.47710652279504
-0.608232812695208,1.49659966355166
-0.573092062952732,1.51557738491391
-0.537972016013581,1.5339370508407
-0.502903244031443,1.55157745800364
-0.467913619903676,1.56839938330441
-0.433028503387365,1.58430612154228
-0.398270920818449,1.599204009793
-0.3636617383397,1.61300293498341
-0.329219828717757,1.62561682116531
-0.294962231968097,1.6369640931104
-0.2609043101126,1.64696811306312
-0.227059896470795,1.65555758779309
-0.193441439936448,1.66266694347157
-0.160060144719403,1.66823666634096
-0.126926106042445,1.67221360763434
-0.0940484422777506,1.67455125171223
-0.0614354239909697,1.67520994689501
-0.0290946003360891,1.67415709896049
0.00296707678608127,1.67136732772832
0.0347431304262379,1.66682258754884
0.0662274377965992,1.66051225284133
0.0974141106812914,1.65243317007558
0.128297376768265,1.64258967775632
0.158871461654111,1.63099359605168
0.189130471301298,1.61766418770734
0.219068274753066,1.60262809181372
0.248678386935333,1.58591923185518
0.277953851397891,1.56757869927827
0.306887122869367,1.54765461358588
0.335469949523158,1.52620195971002
0.363693254874901,1.50328240315376
0.391547019257308,1.47896408313756
0.419020160845481,1.45332138375283
0.446100416235993,1.42643468292866
0.472774220616373,1.39839007886908
0.499026587598508,1.36927909352843
0.524840988830509,1.33919835266825
0.550199233546855,1.30824924208679
0.575081348267013,1.27653753973237
0.599465456908803,1.24417302360363
0.623327661645396,1.21126905559845
0.646641924905669,1.17794214178887
0.669379952997872,1.14431146996208
0.691511081928725,1.1104984256598
0.713002166096239,1.07662608835478
0.733817470657935,1.0428187098026
0.753918568519569,1.0092011769804
0.773264243056419,0.975898462350908
0.791810397873036,0.943035064452024
0.809509975130974,0.910734441993507
0.826312884230311,0.87911844473098
0.842165942921349,0.848306744376951
0.8570128332486,0.818416268697181
0.870794075089307,0.789560641733824
0.883447020440526,0.76184963280535
0.894905872027692,0.735388616574395
0.905101730245784,0.710278046070778
0.913962672891657,0.686612940134671
0.921413872588774,0.664482386333896
0.927377757226217,0.643969060040606
0.931774219111276,0.625148760057766
0.93452087884362,0.608089960994026
0.935533410129888,0.592853382523972
0.934725931836941,0.579491575761306
0.932011473493228,0.568048527231876
0.927302520150567,0.558559281371556
0.920511641971683,0.551049583092873
0.911552213069421,0.545535542757157
0.900339222951424,0.542023326840059
0.886790182382719,0.540508878661375
0.870826123539346,0.540977674728461
0.852372691971351,0.543404523468604
0.831361325121746,0.547753414341374
0.807730508977766,0.55397742645844
0.781427100906093,0.562018706818074
0.752407702917856,0.571808529000022
0.720640065628616,0.58326744357497
0.686104499164277,0.596305531472876
0.648795263391928,0.610822771043091
0.608721906332868,0.626709528455221
0.565910516675855,0.64384717938075
0.520404854199779,0.662108867536203
0.472267320884185,0.681360402667485
0.421579735762982,0.701461296961346
0.368443878352722,0.722265934778088
0.312981768890431,0.743624866151214
0.255335658693091,0.765386209881447
0.195667710641895,0.787397147489773
0.134159357923807,0.809505485039944
0.0710103384300051,0.831561256159717
0.00643741219683627,0.853418336738182
-0.059327220539132,0.874936039978951
-0.126037773304,0.895980659916291
-0.193436963206103,0.91642693224766
-0.261258293244788,0.936159383402758
-0.329228478614731,0.955073542054249
-0.397069965807778,0.973076991575208
-0.464503493171369,0.990090246970409
-0.531250643904935,1.00604744519652
-0.597036346927857,1.02089684315642
-0.661591287085195,1.03460112263842
-0.724654193072057,1.04713750576586
-0.785973978496359,1.05849768792234
-0.845311717951834,1.06868759754109
-0.90244244528058,1.07772699364755
-0.957156765037606,1.08564891278712
-1.0092622704724,1.0924989772038
-1.05858476231743,1.09833457613774
-1.10496926273052,1.1032239321419
-1.14828081840418,1.10724506457722
-1.18840508667271,1.11048466303809
-1.22524869888162,1.11303688439345
-1.25873939665186,1.11500208831742
-1.2888259391062,1.11648552747753
-1.31547778257765,1.11759600976009
-1.33868453858402,1.1184445508542
-1.35845522061039,1.11914303602369
-1.37481729512081,1.1198029098567
-1.38781555684605,1.12053391213519
-1.39751085242787,1.12144287671486
-1.40397867967923,1.12263260850296
-1.40730769186622,1.12420085136621
-1.40759813744865,1.12623935721826
-1.40496026563743,1.1288330637667
-1.3995127270157,1.13205938558477
-1.39138099646487,1.13598762044175
-1.38069584290956,1.14067847029238
-1.36759186714095,1.14618367407548
-1.35220612539298,1.1525457475682
-1.33467685261608,1.15979782402057
-1.31514229568473,1.16796358816547
-1.29373966322708,1.17705729545454
-1.27060419548552,1.18708386798247
-1.24586835468581,1.19803905849432
-1.21966113385749,1.20990967407423
-1.19210747993419,1.22267385154013
-1.16332782527016,1.2363013771631
-1.13343772042364,1.25075404404374
-1.10254756014906,1.26598604126114
-1.07076239397139,1.28194436972215
-1.03818181244343,1.29856928044034
-1.00489990016635,1.31579473173559
-0.971005246838849,1.33354886253953
-0.936581007949876,1.35175447959985
-0.901705007202834,1.37032955688392
-0.866449873321914,1.38918774587873
-0.830883204511763,1.40823889576632
-0.795067754495075,1.42738958262157
-0.759061634717131,1.44654364683539
-0.722918527964532,1.46560273792007
-0.686687909284099,1.48446686571493
-0.650415270696765,1.50303495679422
-0.614142346773047,1.52120541460206
-0.577907338665947,1.5388766815204
-0.541745134681019,1.55594780073586
-0.505687525899854,1.57231897543126
-0.469763415761903,1.58789212250934
-0.433999022850979,1.60257141777948
-0.398418076427733,1.61626382932202
-0.363042004500069,1.62887963560456
-0.327890114431793,1.6403329248719
-0.292979766258556,1.65054207237412
-0.258326539012486,1.65943019213721
-0.223944390455883,1.66692556021628
-0.18984581069379,1.67296200669361
-0.156041970178743,1.67747927408146
-0.122542862642244,1.68042334024636
-0.0893574434906185,1.68174670446745
-0.0564937641912376,1.6814086357573
-0.0239591031523868,1.67937538308636
0.00823990643055143,1.67562034764192
0.040097151325531,1.67012421770032
0.0716069152121209,1.66287506708038
0.102763757467572,1.65386841846451
0.133562393468804,1.64310727311243
0.163997576124353,1.6306021086468
0.19406397838427,1.61637084666019
0.223756076506923,1.60043879188115
0.253068033890453,1.58283854455271
0.28199358530335,1.56360988752776
0.310525921374017,1.54279964938587
0.338657573223806,1.52046154463946
0.366380297152927,1.49665599183839
0.393684959314265,1.4714499101171
0.42056142033749,1.44491649447324
0.44699841989524,1.41713496983486
0.472983461235507,1.38819032377968
0.498502695739729,1.35817301762577
0.523540807605251,1.32717867552765
0.54808089879388,1.29530775119395
0.572104374435891,1.26266517189553
0.595590828931463,1.22935995955785
0.61851793304984,1.19550482892804
0.640861322391653,1.16121576306687
0.662594487652837,1.12661156673329
0.683688667211276,1.09181339858897
0.70411274265152,1.05694428353907
0.723833137951199,1.02212860692433
0.74281372317767,0.987491592669293
0.761015723688025,0.953158767852694
0.778397635992978,0.91925541647725
0.794915151638387,0.885906025460778
0.810521090680028,0.853233726032343
0.825165346580125,0.821359733784686
0.838794844639348,0.79040279060135
0.851353516396031,0.760478611542556
0.862782292773889,0.731699339543767
0.87301911913753,0.70417301046633
0.881998995816317,0.678003030658202
0.889654048073599,0.653287668757499
0.895913629919346,0.630119563028991
0.900704466575489,0.608585245093954
0.903950840787299,0.588764680528017
0.905574828509429,0.570730826491344
0.905496589756533,0.554549206350178
0.903634720566571,0.540277501175427
0.899906672047016,0.527965158084548
0.894229242324101,0.517653015644395
0.88651914685426,0.509372946984933
0.876693671944572,0.503147521888968
0.864671415425191,0.498989689915189
0.850373117183107,0.496902487565562
0.833722580669766,0.496878773598049
0.814647684509198,0.498900997775981
0.793081480944929,0.502941009590157
0.76896337507474,0.508959914731333
0.742240375655128,0.516907988262369
0.712868404759788,0.526724654464162
0.68081364982512,0.538338544124016
0.646053937720089,0.551667640511011
0.608580106580411,0.566619525351429
0.568397347425481,0.58309173569452
0.525526484236202,0.600972241570842
0.480005158444765,0.620140052737309
0.431888881915004,0.640465960544151
0.381251921716777,0.661813418052584
0.328187980540798,0.684039558020534
0.272810638642869,0.706996344344618
0.215253526866831,0.73053184813422
0.155670205606234,0.754491634977907
0.0942337314568326,0.778720245364181
0.0311359015967157,0.803062745887517
-0.0334138246998168,0.827366325071643
-0.0991897179809368,0.851481904634756
-0.165951464371331,0.875265735038635
-0.233446115854353,0.898580943387135
-0.301410267128483,0.921299002278486
-0.369572414077913,0.943301090088
-0.437655444014055,0.964479316279097
-0.505379205415369,0.984737789523818
-0.572463105043623,1.00399351137892
-0.638628682938244,1.02217708366123
-0.70360212053894,1.03923322311167
-0.76711664350298,1.05512108205579
-0.828914787960351,1.06981437823694
-0.888750506224041,1.08330134058902
-0.946391094629066,1.09558448032332
-1.00161893165053,1.10668019835713
-1.05423301841902,1.11661824095758
-1.10405031615336,1.12544101575029
-1.15090687607427,1.13320278022835
-1.19465875746157,1.13996871486077
-1.23518272920648,1.14581389305761
-1.27237675003811,1.15082216072658
-1.30616022304095,1.15508493898163
-1.33647402144717,1.15869996466971
-1.36328028511925,1.16176998462754
-1.38656199058249,1.16440142078566
-1.40632230171099,1.16670302420996
-1.42258371289328,1.16878453674443
-1.4353870013256,1.17075537896671
-1.44479000962221,1.17272338262061
-1.45086628385433,1.17479358453928
-1.45370359516785,1.17706709736155
-1.45340237511268,1.17964007016571
-1.45007409566395,1.18260274961783
-1.44383962464089,1.18603864949547
-1.43482758591813,1.19002383364267
-1.42317275162178,1.19462631467048
-1.40901449059031,1.19990556815434
-1.39249529395772,1.20591215978727
-1.37375939498629,1.21268748099099
-1.35295149642704,1.220263586907
-1.33021561488644,1.22866312949984
-1.30569404806687,1.23789937770012
-1.27952646743333,1.24797631607097
-1.25184913591758,1.25888881336263
-1.22279424774845,1.27062285247886
-1.19248938541451,1.28315581376654
-1.16105708712069,1.2964568041035
-1.12861451687383,1.31048702494735
-1.09527322849148,1.3252001732733
-1.06113901433276,1.34054287012696
-1.02631182935296,1.356455112311
-0.990885781138037,1.37287074348041
-0.95494917683379,1.38971794161371
-0.918584618302895,1.4069197204354
-0.881869137380632,1.42439444287523
-0.844874363721183,1.44205634505072
-0.807666718399453,1.4598160695481
-0.770307627132567,1.47758120695211
-0.732853747689129,1.49525684464067
-0.695357206745852,1.51274612182533
-0.657865842117243,1.5299507896924
-0.620423446914884,1.54677177529803
-0.58307001278149,1.56310974760959
-0.545841969886817,1.57886568378492
-0.508772421864834,1.59394143346086
-0.471891374313368,1.60824027850348
-0.435225955868358,1.62166748537685
-0.398800631206,1.63413084703401
-0.362637405619017,1.64554121104169
-0.326756021060053,1.65581299053425
-0.291174143748542,1.66486465456341
-0.255907543600332,1.67261919447554
-0.220970265864905,1.67900456311026
-0.186374795447246,1.68395408386801
-0.152132214453531,1.68740682703388
-0.118252353536157,1.68930795115681
-0.0847439376277563,1.68960900775025
-0.0516147266501559,1.68826820808481
-0.0188716517658903,1.68525065136304
0.0134790522888854,1.68052851408041
0.0454317182877224,1.67408120086481
0.0769811205519853,1.6658954575294
0.108122351525529,1.65596544745644
0.138850700510976,1.64429279273858
0.169161534234788,1.63088658173267
0.199050178948234,1.61576334482385
0.228511803808354,1.59894700025617
0.257541305317368,1.58046877186297
0.286133192630476,1.56036708043502
0.314281473571346,1.53868741030553
0.341979541222424,1.51548215252364
0.369220060984122,1.49081042574428
0.39599485802401,1.46473787569927
0.422294805064876,1.43733645384679
0.448109710489825,1.40868417554042
0.473428206774092,1.37886485782836
0.498237639287402,1.34796783680221
0.522523955548129,1.31608766427425
0.546271595051604,1.28332378348174
0.56946337983992,1.24978018350351
0.592080406030265,1.21556503213155
0.614101936573388,1.18079028707009
0.635505295574192,1.14557128553346
0.6562657645736,1.11002631257643
0.676356481265795,1.07427614880729
0.69574834120959,1.03844359849142
0.714409903188587,1.00265299943709
0.732307298984584,0.967029716446529
0.749404148454657,0.931699620495093
0.765661480947566,0.896788556149676
0.781037664262241,0.862421800034039
0.795488342543225,0.828723513375991
0.808966384727332,0.795816191814349
0.821421845404624,0.763820115690561
0.832801940236059,0.732852803995723
0.843051038379866,0.703028474987253
0.852110674717188,0.674457516237125
0.859919585031327,0.647245966537008
0.866413767678374,0.621495011683056
0.871526575681647,0.597300495717205
0.87518884357721,0.574752448740083
0.877329053718166,0.553934631963028
0.877873547093691,0.534924100264569
0.876746784013391,0.517790782191615
0.873871660223266,0.502597077127166
0.869169884127526,0.489397469261324
0.862562420758394,0.478238158073108
0.853970007928454,0.469156705273805
0.843313749579449,0.46218169858835
0.830515790668995,0.457332433362425
0.815500076973962,0.45461861377346
0.798193201900515,0.454040076379221
0.778525340745025,0.455586539833249
0.756431270824921,0.459237385797858
0.731851473483277,0.464961477347227
0.704733311171319,0.472717022419767
0.675032269655124,0.482451491084506
0.642713251927564,0.494101596455333
0.60775190671403,0.507593349937048
0.570135970651589,0.522842202030314
0.529866599441509,0.539753280070267
0.486959659700391,0.558221733940165
0.441446950072249,0.578133199911941
0.393377317639544,0.599364391260808
0.342817634024351,0.621783822146678
0.289853595036777,0.645252668448316
0.234590308520128,0.669625765812644
0.177152637332815,0.694752741221628
0.117685268304082,0.720479270009397
0.0563524835258769,0.746648445656111
-0.00666238258300579,0.773102245057172
-0.0711578085803588,0.799683067563452
-0.136915272352876,0.826235322174334
-0.203700747138385,0.852607034103637
-0.271266485701611,0.878651439768421
-0.3393530615217,0.904228538265479
-0.407691627343195,0.929206567723462
-0.476006344624242,0.953463376585252
-0.544016932761299,0.976887662819384
-0.611441284798145,0.999380058111032
-0.677998096754623,1.02085403897602
-0.743409460619135,1.04123665213473
-0.807403376081591,1.06046904699316
-0.869716142674339,1.07850681332286
-0.930094601423726,1.09532012687079
-0.98829820262491,1.11089370941552
-1.044100883217,1.12522661258564
-1.09729274288838,1.13833183657234
-1.14768151215077,1.15023579583025
-1.19509380812698,1.16097764419109
-1.23937617491114,1.17060847179367
-1.28039590549861,1.17919038613658
-1.31804164198801,1.18679548961822
-1.35222375058505,1.19350476629105
-1.38287446836554,1.19940689127002
-1.40994782010825,1.20459697725147
-1.433419305923,1.20917527379048
-1.45328536382359,1.2132458361767
-1.46956261561121,1.21691518175028
-1.48228690911672,1.2202909521361
-1.49151217461299,1.22348060001097
-1.49730911766866,1.22659011857415
-1.49976377452938,1.22972283084612
-1.49897595901839,1.23297825430796
-1.49505763177442,1.23645105429683
-1.48813122331698,1.24023009710851
-1.47832794196709,1.24439761105868
-1.4657860961476,1.24902846096432
-1.45064945819496,1.25418953875633
-1.43306569372153,1.2599392703445
-1.41318487698179,1.26632723652075
-1.39115810882292,1.27339390367644
-1.36713624983458,1.2811704584692
-1.3412687774228,1.28967873932218
-1.31370277186014,1.2989312567715
-1.28458203301424,1.3089312941752
-1.25404632650532,1.31967308012339
-1.22223075553369,1.33114202400149
-1.18926525256718,1.34331500650532
-1.15527418348139,1.35616071743702
-1.12037605557824,1.36964003377232
-1.08468332013577,1.38370643173488
-1.04830225971945,1.39830642739655
-1.01133295036398,1.41338004110663
-0.97386928886404,1.42886128180326
-0.93599907574436,1.44467864795093
-0.89780414496723,1.4607556424577
-0.859360532037464,1.47701129943892
-0.820738672844443,1.49336072110108
-0.782003626306128,1.50971562331558
-0.74321531462488,1.52598488863632
-0.704428775708104,1.54207512559149
-0.665694423031168,1.55789123305723
-0.627058308913314,1.57333696840839
-0.588562387829574,1.58831551795602
-0.550244776986941,1.60273006793736
-0.512140011947073,1.61648437404229
-0.474279295578304,1.62948332716023
-0.436690739066248,1.64163351273466
-0.39939959410507,1.65284376083922
-0.362428475732231,1.66302568386004
-0.325797575559723,1.6720941985006
-0.289524865397693,1.67996802873309
-0.253626291464303,1.68657018631461
-0.218115959532387,1.691828425574
-0.183006311482368,1.69567566935692
-0.148308293815814,1.69805040328988
-0.114031518738879,1.69889703587915
-0.0801844184538353,1.69816622238512
-0.0467743933039647,1.6958151508904
-0.0138079544062519,1.69180778949076
0.01870913861843,1.6861150940615
0.0507717442431401,1.67871517656643
0.0823752094283512,1.66959343436223
0.113515243325129,1.65874264138875
0.144187793850185,1.64616300251098
0.174388926742729,1.63186217257831
0.204114706759376,1.61585524198459
0.233361080706843,1.59816469064428
0.262123762052762,1.57882031234612
0.290398116892127,1.55785911141227
0.318179051081342,1.53532517348411
0.345460898383672,1.511269512088
0.372237309500104,1.48574989241845
0.398501141888822,1.45883063352586
0.424244350305538,1.43058238982854
0.449457878026739,1.40108191259824
0.474131548749017,1.3704117918116
0.498253959191075,1.33866017852987
0.521812372460902,1.30592048778062
0.544792612289845,1.27229108177774
0.567178958278112,1.23787493323978
0.58895404234305,1.20277926855755
0.61009874661294,1.16711519062372
0.630592103065367,1.13099728127039
0.650411195271394,1.09454318346151
0.669531062675536,1.05787316365094
0.687924607918186,1.02110965503186
0.705562507793253,0.984376782758503
0.722413128531003,0.94779987259899
0.738442446206878,0.911504944862044
0.753613973203668,0.875618195809736
0.767888691799569,0.840265469103956
0.781224996121071,0.805571720116179
0.793578643889876,0.77166047614047
0.804902719609449,0.738653295674148
0.815147611080944,0.706669229958016
0.824261001410982,0.675824289893034
0.832187878974632,0.646230921273078
0.838870568123924,0.617997490999592
0.844248783781539,0.591227786586849
0.848259713424756,0.566020530843403
0.850838130337731,0.542468913150153
0.851916542379115,0.520660138275483
0.851425380862331,0.500674993203191
0.849293234459395,0.482587432031246
0.845447133294595,0.466464178659976
0.839812888566456,0.452364346757071
0.832315493096753,0.440339076390303
0.822879588122152,0.430431186779668
0.811430001382739,0.422674844855316
0.79789236108593,0.417095249726708
0.782193789596759,0.413708333774702
0.764263679689611,0.412520481866416
0.744034554858838,0.41352827114886
0.72144301349763,0.416718234977548
0.696430754696701,0.422066655747358
0.668945680979311,0.429539392670714
0.63894307048546,0.439091751838475
0.606386807975443,0.450668407137145
0.571250660595051,0.464203381708424
0.533519580714342,0.479620100541983
0.493191014431883,0.496831525402545
0.450276190673151,0.515740383519203
0.404801362381785,0.536239501222322
0.356808968309914,0.55821225292376
0.306358681584074,0.581533134438006
0.253528309789646,0.606068467595586
0.198414511009233,0.631677240397722
0.141133291274834,0.658212083631541
0.0818202514135444,0.68552038098069
0.0206305553799965,0.713445505346207
-0.0422614021108806,0.741828169502706
-0.10666264360069,0.770507874564069
-0.172362578956322,0.799324435263514
-0.239134294358362,0.828119557028118
-0.30673614699198,0.856738436513122
-0.374913642114853,0.885031354902901
-0.443401559633853,0.912855232087011
-0.511926288948015,0.940075109919408
-0.58020832417365,0.966565534219145
-0.647964867425827,0.99221180792443
-0.714912485899049,1.01691109171669
-0.780769769176392,1.04057333323653
-0.845259936373444,1.06312201138768
-0.908113348026442,1.08449468778794
-0.969069884490216,1.10464336278773
-1.0278811603004,1.12353463828445
-1.08431255170046,1.14114969354225
-1.13814502161098,1.15748408322511
-1.18917673215355,1.17254736884196
-1.2372244390986,1.18636259589288
-1.28212466522282,1.19896562940485
-1.32373465074792,1.21040436052786
-1.36193307920931,1.22073779671225
-1.39662057681766,1.23003504795099
-1.42771998319331,1.23837422181593
-1.45517639175837,1.24584124061399
-1.47895695939643,1.25252859491019
-1.49905048737474,1.25853404879429
-1.51546677891565,1.26395931344131
-1.52823578298533,1.26890870654077
-1.53740653850473,1.27348781586699
-1.543045937892,1.27780218548848
-1.54523733322646,1.28195604277507
-1.54407901203718,1.28605108342587
-1.53968257250003,1.29018533023193
-1.53217122950432,1.29445207927952
-1.52167808355693,1.29893894490199
-1.50834438385009,1.30372701203307
-1.49231781513028,1.30889010184175
-1.47375083543044,1.31449415377425
-1.45279908846007,1.32059672451225
-1.42961991070282,1.32724660198001
-1.4043709492593,1.33448353046831
-1.37720890239218,1.34233804124159
-1.34828839075247,1.35083138167674
-1.31776096353138,1.35997553505011
-1.28577424039755,1.36977332252479
-1.25247118711792,1.38021857866006
-1.21798952026281,1.39129639182647
-1.18246123437683,1.40298340121412
-1.14601224344635,1.41524814261648
-1.10876212738688,1.42805143580531
-1.07082397356808,1.44134680703615
-1.03230430304495,1.45508094099207
-0.993303071117649,1.46919415724701
-0.953913732047112,1.48362090707575
-0.91422335815881,1.49829028712626
-0.874312804123827,1.51312656708189
-0.834256907872794,1.52804972895803
-0.794124720336079,1.54297601609218
-0.753979756981112,1.55781849018997
-0.713880264908106,1.57248759498499
-0.673879500047682,1.58689172515843
-0.634026009761041,1.60093779915512
-0.594363916863267,1.61453183443566
-0.554933201763884,1.62757952353512
-0.515769980040269,1.63998680907319
-0.476906773325105,1.65166045559862
-0.438372771897444,1.6625086158717
-0.400194087817787,1.67244138891382
-0.36239399784187,1.68137136690315
-0.324993175687575,1.6892141677893
-0.288009913516937,1.69588895035565
-0.251460332733458,1.70131890838871
-0.215358584387558,1.70543174063094
-0.179717039633096,1.70816009330243
-0.144546470789892,1.70944197217832
-0.10985622364478,1.70922112149935
-0.0756543816710309,1.70744736736338
-0.0419479228675929,1.70407692368264
-0.0087428699193424,1.69907265927838
0.0239555656383392,1.69240432520168
0.0561428445987042,1.68404874189569
0.0878149659960618,1.67398994632905
0.118968337189022,1.66221929971328
0.149599647603914,1.64873555684905
0.179705745680751,1.63354489851413
0.2092835186165,1.61666092859624
0.238329774550696,1.5981046378816
0.266841126885715,1.57790433653013
0.294813880477978,1.55609555730321
0.322243919476456,1.53272093156495
0.349126596622196,1.50783003996052
0.375456623856816,1.48147923949798
0.401227964120448,1.45373146853567
0.426433724250946,1.42465603092098
0.451066048927167,1.3943283602538
0.475116015630794,1.36282976497495
0.498573530634125,1.33024715472154
0.521427226056255,1.29667274816211
0.543664358067725,1.26220376233732
0.565270706364481,1.22694208339732
0.586230475076358,1.19099391855433
0.6065261953237,1.15446942906354
0.626138629688567,1.11748234411052
0.645046678924835,1.08014955561957
0.663227291295068,1.04259069420013
0.6806553749922,1.00492768671222
0.697303714181984,0.967284296245597
0.713142889289362,0.929785645658835
0.728141202250054,0.892557726196472
0.74226460755997,0.855726893078354
0.755476650081731,0.819419350314245
0.767738410712247,0.783760627319625
0.771712725587802,0.771712725587804
